Q
105.0  0.0    0.0  0.0  0.0    0.0  0.0  0.0  0.0  0.0      0.0      0.0
0.0  105.0    0.0  0.0  0.0    0.0  0.0  0.0  0.0  0.0      0.0      0.0
0.0    0.0  105.0  0.0  0.0    0.0  0.0  0.0  0.0  0.0      0.0      0.0
0.0    0.0    0.0  9.0  0.0    0.0  0.0  0.0  0.0  0.0      0.0      0.0
0.0    0.0    0.0  0.0  9.0    0.0  0.0  0.0  0.0  0.0      0.0      0.0
0.0    0.0    0.0  0.0  0.0  405.0  0.0  0.0  0.0  0.0      0.0      0.0
0.0    0.0    0.0  0.0  0.0    0.0  9.0  0.0  0.0  0.0      0.0      0.0
0.0    0.0    0.0  0.0  0.0    0.0  0.0  9.0  0.0  0.0      0.0      0.0
0.0    0.0    0.0  0.0  0.0    0.0  0.0  0.0  9.0  0.0      0.0      0.0
0.0    0.0    0.0  0.0  0.0    0.0  0.0  0.0  0.0  7.04082  0.0      0.0
0.0    0.0    0.0  0.0  0.0    0.0  0.0  0.0  0.0  0.0      7.04082  0.0
0.0    0.0    0.0  0.0  0.0    0.0  0.0  0.0  0.0  0.0      0.0      9.0

R
105.0  0.0    0.0    0.0
0.0  105.0    0.0    0.0
0.0    0.0  105.0    0.0
0.0    0.0    0.0  105.0


50hz
tinytype Kinf_data[NINPUTS*NSTATES] = {
  -0.4006599,	0.3328434,	2.2078214,	-0.9605231,	-1.2406987,	-4.3997345,	-0.2374436,	0.1917163,	0.6764222,	-0.0656920,	-0.0912164,	-0.6847661,	
  0.3763514,	0.2149113,	2.2078214,	-0.5130759,	1.1744070,	4.4166484,	0.2237353,	0.1153373,	0.6764222,	-0.0270155,	0.0870013,	0.6859929,	
  0.1666878,	-0.2393231,	2.2078214,	0.5795935,	0.2879437,	-4.4538495,	0.0808056,	-0.1290985,	0.6764222,	0.0312430,	0.0050690,	-0.6885900,	
  -0.1423793,	-0.3084317,	2.2078214,	0.8940055,	-0.2216520,	4.4369356,	-0.0670973,	-0.1779551,	0.6764222,	0.0614645,	-0.0008538,	0.6873633	
};


250hz
tinytype Kinf_data[NINPUTS*NSTATES] = {
  -1.3098470,	1.2412826,	2.4385628,	-3.2090246,	-3.4952175,	-4.7137267,	-0.7294874,	0.6829544,	0.7265485,	-0.1959557,	-0.2219854,	-0.7214793,	
  1.2432430,	1.0729365,	2.4385628,	-2.6317827,	3.3229670,	4.8094733,	0.6927720,	0.5788331,	0.7265485,	-0.1495654,	0.2116064,	0.7298689,	
  1.0559766,	-1.1399691,	2.4385628,	2.8049955,	2.4836871,	-5.0332928,	0.5612085,	-0.6157701,	0.7265485,	0.1599978,	0.1320063,	-0.7494205,	
  -0.9893726,	-1.1742499,	2.4385628,	3.0358118,	-2.3114367,	4.9375463,	-0.5244931,	-0.6460174,	0.7265485,	0.1855233,	-0.1216274,	0.7410310	
};

500hz
tinytype Kinf_data[NINPUTS*NSTATES] = {
  -1.8055409,	1.7365331,	2.4690894,	-4.4327650,	-4.7211260,	-4.6991611,	-0.9974117,	0.9505314,	0.7331410,	-0.2667968,	-0.2929840,	-0.7211950,	
  1.7490255,	1.5778704,	2.4690894,	-3.8782287,	4.5730823,	4.8363389,	0.9660710,	0.8515199,	0.7331410,	-0.2216827,	0.2839906,	0.7333506,	
  1.5509627,	-1.6349546,	2.4690894,	4.0275959,	3.7066338,	-5.1660654,	0.8286392,	-0.8831595,	0.7331410,	0.2307507,	0.2027779,	-0.7625292,	
  -1.4944473,	-1.6794488,	2.4690894,	4.2833978,	-3.5585901,	5.0288876,	-0.7972986,	-0.9188918,	0.7331410,	0.2577288,	-0.1937846,	0.7503736	
};

1000hz
tinytype Kinf_data[NINPUTS*NSTATES] = {
  -2.3815768,	2.3100193,	2.4922362,	-5.8495824,	-6.1453357,	-4.6583338,	-1.3087199,	1.2603512,	0.7381341,	-0.3488087,	-0.3754540,	-0.7182659,	
  2.3628356,	2.1891617,	2.4922362,	-5.3871823,	6.0897751,	4.8418908,	1.2976981,	1.1816357,	0.7381341,	-0.3089914,	0.3717956,	0.7346377,	
  2.1274979,	-2.2086044,	2.4922363,	5.4444523,	5.1311653,	-5.2966157,	1.1401338,	-1.1930342,	0.7381341,	0.3127481,	0.2852246,	-0.7751792,	
  -2.1087568,	-2.2905765,	2.4922361,	5.7923123,	-5.0756046,	5.1130587,	-1.1291121,	-1.2489527,	0.7381341,	0.3450520,	-0.2815662,	0.7588075	
};

5000hz
tinytype Kinf_data[NINPUTS*NSTATES] = {
  -2.5228478,	2.4504063,	2.4968930,	-6.1963929,	-6.4945881,	-4.6463454,	-1.3850640,	1.3361914,	0.7391380,	-0.3688832,	-0.3956768,	-0.7173329,	
  2.5165140,	2.3420031,	2.4968900,	-5.7644666,	6.4694736,	4.8410596,	1.3807235,	1.2641743,	0.7391376,	-0.3308215,	0.3937761,	0.7347188,	
  2.2690021,	-2.3490641,	2.4968928,	5.7913762,	5.4808109,	-5.3266621,	1.2165873,	-1.2689081,	0.7391380,	0.3328261,	0.3054617,	-0.7780673,	
  -2.2626684,	-2.4433449,	2.4968905,	6.1694829,	-5.4556963,	5.1319480,	-1.2122468,	-1.3314575,	0.7391377,	0.3668787,	-0.3035611,	0.7606814	
};

8000hz
tinytype Kinf_data[NINPUTS*NSTATES] = {
  -2.5596009,	2.4869156,	2.4980571,	-6.2865863,	-6.5854482,	-4.6431360,	-1.4049256,	1.3559146,	0.7393891,	-0.3741039,	-0.4009378,	-0.7170804,	
  2.5566518,	2.3819115,	2.4980567,	-5.8629782,	6.5686416,	4.8407421,	1.4024079,	1.2857259,	0.7393889,	-0.3365216,	0.3995169,	0.7347292,	
  2.3058205,	-2.3855992,	2.4980577,	5.8816104,	5.5717871,	-5.3343885,	1.2364800,	-1.2886429,	0.7393892,	0.3380479,	0.3107273,	-0.7788090,	
  -2.3028713,	-2.4832280,	2.4980560,	6.2679539,	-5.5549805,	5.1367826,	-1.2339623,	-1.3529977,	0.7393888,	0.3725776,	-0.3093064,	0.7611601	
};

continuous K
 -2.62214   2.54903  2.5  -6.44003  …  -0.382986  -0.40989   -0.716643
  2.62509   2.44995  2.5  -6.03092     -0.346239   0.409305   0.734738
  2.36848  -2.44775  2.5   6.03512      0.346932   0.319688  -0.780063
 -2.37142  -2.55122  2.5   6.43583      0.382292  -0.319103   0.761968