Q
105.0  0.0    0.0  0.0  0.0    0.0  0.0  0.0  0.0  0.0      0.0      0.0
0.0  105.0    0.0  0.0  0.0    0.0  0.0  0.0  0.0  0.0      0.0      0.0
0.0    0.0  105.0  0.0  0.0    0.0  0.0  0.0  0.0  0.0      0.0      0.0
0.0    0.0    0.0  9.0  0.0    0.0  0.0  0.0  0.0  0.0      0.0      0.0
0.0    0.0    0.0  0.0  9.0    0.0  0.0  0.0  0.0  0.0      0.0      0.0
0.0    0.0    0.0  0.0  0.0  405.0  0.0  0.0  0.0  0.0      0.0      0.0
0.0    0.0    0.0  0.0  0.0    0.0  9.0  0.0  0.0  0.0      0.0      0.0
0.0    0.0    0.0  0.0  0.0    0.0  0.0  9.0  0.0  0.0      0.0      0.0
0.0    0.0    0.0  0.0  0.0    0.0  0.0  0.0  9.0  0.0      0.0      0.0
0.0    0.0    0.0  0.0  0.0    0.0  0.0  0.0  0.0  7.04082  0.0      0.0
0.0    0.0    0.0  0.0  0.0    0.0  0.0  0.0  0.0  0.0      7.04082  0.0
0.0    0.0    0.0  0.0  0.0    0.0  0.0  0.0  0.0  0.0      0.0      9.0

R
2505.0  0.0     0.0     0.0
0.0  2505.0     0.0     0.0
0.0     0.0  2505.0     0.0
0.0     0.0     0.0  2505.0

50hz
tinytype Kinf_data[NINPUTS*NSTATES] = {
  -0.0710746,	0.0713292,	0.1004177,	-0.3163894,	-0.3243431,	-0.1978173,	-0.0521224,	0.0520576,	0.1131664,	-0.0276501,	-0.0318484,	-0.1152998,	
  0.0691497,	0.0695143,	0.1004177,	-0.2937420,	0.3128609,	0.1975443,	0.0505056,	0.0502159,	0.1131664,	-0.0209056,	0.0307243,	0.1149232,	
  0.0713801,	-0.0714524,	0.1004177,	0.3052653,	0.2965127,	-0.1968591,	0.0515793,	-0.0518414,	0.1131664,	0.0220319,	0.0178007,	-0.1139967,	
  -0.0694552,	-0.0693911,	0.1004177,	0.3048661,	-0.2850304,	0.1971321,	-0.0499624,	-0.0504322,	0.1131664,	0.0265238,	-0.0166766,	0.1143733	
};

100hz
tinytype Kinf_data[NINPUTS*NSTATES] = {
  -0.0850841,	0.0852930,	0.1013878,	-0.3697291,	-0.3780012,	-0.1996877,	-0.0617974,	0.0616930,	0.1137487,	-0.0313870,	-0.0356248,	-0.1159567,	
  0.0838894,	0.0842200,	0.1013878,	-0.3495892,	0.3690691,	0.1994007,	0.0606657,	0.0603409,	0.1137487,	-0.0247908,	0.0346704,	0.1155326,	
  0.0854281,	-0.0854306,	0.1013878,	0.3585779,	0.3501125,	-0.1986780,	0.0612731,	-0.0614835,	0.1137487,	0.0257487,	0.0215277,	-0.1144797,	
  -0.0842334,	-0.0840824,	0.1013878,	0.3607405,	-0.3411803,	0.1989650,	-0.0601413,	-0.0605504,	0.1137487,	0.0304291,	-0.0205733,	0.1149038	
};


250hz
tinytype Kinf_data[NINPUTS*NSTATES] = {
  -0.0949397,	0.0951048,	0.1019743,	-0.4071277,	-0.4156620,	-0.2008208,	-0.0685959,	0.0684557,	0.1140997,	-0.0340051,	-0.0382721,	-0.1163613,	
  0.0944045,	0.0946993,	0.1019743,	-0.3893113,	0.4090769,	0.2005240,	0.0679056,	0.0675485,	0.1140997,	-0.0275542,	0.0374757,	0.1159042,	
  0.0953109,	-0.0952523,	0.1019743,	0.3959651,	0.3877531,	-0.1997751,	0.0680856,	-0.0682512,	0.1140997,	0.0283551,	0.0241463,	-0.1147620,	
  -0.0947757,	-0.0945518,	0.1019743,	0.4004740,	-0.3811679,	0.2000718,	-0.0673953,	-0.0677530,	0.1140997,	0.0332043,	-0.0233499,	0.1152191	
};

500hz
tinytype Kinf_data[NINPUTS*NSTATES] = {
  -0.0984856,	0.0986330,	0.1021705,	-0.4205648,	-0.4291999,	-0.2012003,	-0.0710408,	0.0708864,	0.1142170,	-0.0349456,	-0.0392233,	-0.1164981,	
  0.0982120,	0.0984918,	0.1021706,	-0.4036773,	0.4235510,	0.2009000,	0.0705260,	0.0701559,	0.1142170,	-0.0285537,	0.0384902,	0.1160291,	
  0.0988666,	-0.0987840,	0.1021705,	0.4093992,	0.4012869,	-0.2001417,	0.0705356,	-0.0706838,	0.1142170,	0.0292917,	0.0250881,	-0.1148547,	
  -0.0985929,	-0.0983408,	0.1021706,	0.4148429,	-0.3956380,	0.2004419,	-0.0700209,	-0.0703586,	0.1142170,	0.0342076,	-0.0243549,	0.1153237	
};

1000hz
tinytype Kinf_data[NINPUTS*NSTATES] = {
  -0.1003091,	0.1004469,	0.1022688,	-0.4274714,	-0.4361595,	-0.2013904,	-0.0722978,	0.0721359,	0.1142757,	-0.0354290,	-0.0397122,	-0.1165668,	
  0.1001744,	0.1004462,	0.1022688,	-0.4110786,	0.4310090,	0.2010884,	0.0718764,	0.0714994,	0.1142757,	-0.0290687,	0.0390128,	0.1160918,	
  0.1006950,	-0.1005998,	0.1022688,	0.4163045,	0.4082450,	-0.2003252,	0.0717954,	-0.0719343,	0.1142757,	0.0297732,	0.0255723,	-0.1149008,	
  -0.1005603,	-0.1002934,	0.1022688,	0.4222455,	-0.4030945,	0.2006272,	-0.0713739,	-0.0717011,	0.1142757,	0.0347245,	-0.0248729,	0.1153759	
};

2000hz
tinytype Kinf_data[NINPUTS*NSTATES] = {
  -0.1012335,	0.1013665,	0.1023179,	-0.4309724,	-0.4396875,	-0.2014855,	-0.0729351,	0.0727694,	0.1143050,	-0.0356740,	-0.0399600,	-0.1166012,	
  0.1011704,	0.1014380,	0.1023181,	-0.4148344,	0.4347938,	0.2011826,	0.0725618,	0.0721812,	0.1143051,	-0.0293300,	0.0392780,	0.1161231,	
  0.1016221,	-0.1015203,	0.1023179,	0.4198047,	0.4117725,	-0.2004169,	0.0724340,	-0.0725681,	0.1143049,	0.0300172,	0.0258178,	-0.1149238,	
  -0.1015589,	-0.1012843,	0.1023181,	0.4260021,	-0.4068788,	0.2007199,	-0.0720607,	-0.0723824,	0.1143051,	0.0349867,	-0.0251358,	0.1154019	
};

5000hz
tinytype Kinf_data[NINPUTS*NSTATES] = {
  -0.1017923,	0.1019222,	0.1023473,	-0.4330881,	-0.4418199,	-0.2015428,	-0.0733203,	0.0731521,	0.1143223,	-0.0358220,	-0.0401098,	-0.1166221,	
  0.1017727,	0.1020379,	0.1023470,	-0.4171057,	0.4370827,	0.2012390,	0.0729762,	0.0725935,	0.1143222,	-0.0294880,	0.0394384,	0.1161419,	
  0.1021824,	-0.1020766,	0.1023479,	0.4219204,	0.4139045,	-0.2004719,	0.0728200,	-0.0729513,	0.1143230,	0.0301647,	0.0259662,	-0.1149375,	
  -0.1021628,	-0.1018836,	0.1023477,	0.4282735,	-0.4091673,	0.2007757,	-0.0724760,	-0.0727944,	0.1143230,	0.0351453,	-0.0252947,	0.1154176	
};

8000hz
tinytype Kinf_data[NINPUTS*NSTATES] = {
  -0.1019325,	0.1020616,	0.1023538,	-0.4336182,	-0.4423548,	-0.2015569,	-0.0734169,	0.0732481,	0.1143256,	-0.0358592,	-0.0401474,	-0.1166272,	
  0.1019239,	0.1021885,	0.1023554,	-0.4176762,	0.4376570,	0.2012525,	0.0730802,	0.0726970,	0.1143277,	-0.0295277,	0.0394786,	0.1161463,	
  0.1023230,	-0.1022163,	0.1023543,	0.4224514,	0.4144394,	-0.2004855,	0.0729169,	-0.0730474,	0.1143265,	0.0302017,	0.0260034,	-0.1149408,	
  -0.1023144,	-0.1020337,	0.1023559,	0.4288429,	-0.4097416,	0.2007898,	-0.0725802,	-0.0728977,	0.1143283,	0.0351851,	-0.0253346,	0.1154218	
};

continuous K
 -0.102167   0.102295  0.102367  …  -0.0359212  -0.0402101  -0.116636
  0.102176   0.10244   0.102367     -0.0295939   0.0395458   0.116155
  0.102558  -0.102449  0.102367      0.0302635   0.0260656  -0.114947
 -0.102567  -0.102285  0.102367      0.0352516  -0.0254013   0.115428